0
1500
7500
4500
9000
3000
6000
9001
4501
3001
1501
6001
1
7501
3002
7502
1502
9002
2
6002
4502
7503
4503
1503
9003
6003
3003
3
6004
4
3004
4504
9004
1504
7504
1505
5
9005
3005
6005
4505
7505
7506
6
4506
1506
9006
6006
3006
6007
9007
7
7507
4507
1507
3007
9008
8
1508
3008
6008
7508
4508
4509
7509
9
3009
9009
1509
6009
1510
4510
10
7510
9010
6010
3010
11
3011
4511
1511
6011
9011
7511
1512
4512
7512
12
9012
6012
3012
13
3013
6013
9013
4513
1513
7513
6014
7514
3014
4514
14
1514
9014
9015
7515
6015
4515
15
3015
1515
1516
9016
3016
6016
7516
16
4516
3017
6017
7517
1517
9017
17
4517
6018
4518
1518
7518
3018
18
9018
7519
3019
9019
1519
4519
19
6019
6020
1520
7520
3020
9020
20
4520
4521
21
7521
1521
6021
3021
9021
9022
22
3022
6022
7522
1522
4522
1523
7523
6023
23
9023
4523
3023
7524
1524
4524
24
3024
9024
6024
4525
3025
1525
6025
7525
25
9025
4526
26
1526
3026
6026
7526
9026
9027
3027
27
7527
6027
4527
1527
1528
28
7528
3028
9028
4528
6028
7529
4529
1529
29
6029
3029
9029
30
3030
9030
1530
4530
6030
7530
6031
9031
1531
7531
4531
31
3031
32
4532
1532
3032
7532
6032
9032
9033
7533
1533
33
4533
3033
6033
6034
34
9034
4534
3034
7534
1534
35
7535
3035
9035
4535
1535
6035
9036
4536
36
3036
6036
7536
1536
7537
4537
1537
3037
6037
9037
37
38
6038
3038
7538
1538
9038
4538
1539
6039
39
4539
7539
9039
3039
3040
4540
6040
1540
9040
7540
40
41
9041
1541
6041
3041
4541
7541
3042
7542
6042
42
9042
4542
1542
6043
1543
9043
3043
4543
43
7543
4544
1544
3044
44
7544
6044
9044
9045
4545
3045
45
6045
1545
7545
6046
4546
9046
7546
1546
3046
46
1547
9047
47
4547
7547
3047
6047
9048
3048
48
6048
1548
7548
4548
3049
9049
1549
49
4549
7549
6049
50
9050
3050
7550
6050
4550
1550
4551
6051
1551
51
7551
3051
9051
3052
1552
6052
52
9052
7552
4552
1553
9053
7553
4553
3053
53
6053
54
3054
4554
9054
7554
1554
6054
7555
3055
4555
6055
9055
1555
55
4556
7556
6056
1556
56
9056
3056
57
4557
3057
6057
1557
9057
7557
58
6058
3058
4558
1558
7558
9058
7559
3059
59
1559
9059
6059
4559
60
3060
9060
1560
7560
6060
4560
7561
9061
4561
61
1561
6061
3061
7562
1562
62
4562
3062
6062
9062
7563
1563
3063
6063
4563
9063
63
64
3064
6064
4564
1564
7564
9064
6065
4565
9065
1565
65
3065
7565
1566
4566
66
3066
6066
7566
9066
3067
67
9067
4567
1567
6067
7567
9068
1568
7568
3068
4568
68
6068
6069
69
9069
3069
4569
7569
1569
9070
4570
3070
70
7570
1570
6070
1571
3071
4571
6071
71
9071
7571
7572
1572
4572
9072
3072
6072
72
6073
3073
9073
1573
4573
73
7573
3074
6074
7574
4574
9074
74
1574
1575
7575
3075
6075
9075
4575
75
6076
7576
76
3076
9076
1576
4576
4577
3077
9077
77
1577
7577
6077
1578
78
6078
9078
4578
3078
7578
3079
1579
79
6079
4579
7579
9079
4580
1580
3080
80
6080
9080
7580
3081
9081
4581
81
7581
6081
1581
3082
4582
7582
1582
6082
9082
82
1583
7583
3083
9083
6083
83
4583
9084
7584
4584
84
3084
1584
6084
85
1585
6085
3085
7585
9085
4585
1586
4586
7586
9086
3086
86
6086
7587
3087
4587
6087
9087
87
1587
6088
88
9088
3088
4588
1588
7588
7589
9089
1589
4589
3089
6089
89
90
6090
4590
3090
1590
7590
9090
6091
4591
1591
3091
9091
91
7591
7592
6092
9092
3092
1592
92
4592
7593
1593
4593
6093
93
9093
3093
94
3094
9094
6094
4594
7594
1594
9095
7595
4595
95
6095
1595
3095
9096
4596
7596
3096
96
1596
6096
7597
6097
3097
9097
4597
97
1597
1598
4598
3098
7598
9098
98
6098
4599
3099
99
7599
9099
1599
6099
4600
6100
100
7600
9100
1600
3100
1601
9101
7601
4601
3101
101
6101
7602
9102
1602
3102
6102
102
4602
4603
1603
7603
6103
9103
3103
103
7604
9104
1604
104
3104
6104
4604
4605
105
7605
9105
1605
6105
3105
4606
106
1606
3106
7606
6106
9106
4607
9107
3107
1607
107
7607
6107
1608
7608
9108
3108
6108
108
4608
9109
3109
1609
109
6109
7609
4609
6110
7610
110
9110
1610
4610
3110
1611
4611
3111
7611
111
9111
6111
6112
4612
1612
3112
112
9112
7612
1613
4613
7613
6113
113
9113
3113
4614
6114
1614
114
7614
9114
3114
1615
4615
115
6115
7615
3115
9115
9116
7616
116
3116
4616
1616
6116
7617
117
4617
1617
9117
6117
3117
4618
3118
6118
7618
1618
9118
118
3119
6119
4619
119
1619
7619
9119
4620
6120
3120
120
7620
9120
1620
7621
6121
9121
1621
3121
4621
121
122
3122
4622
9122
7622
6122
1622
9123
3123
123
1623
6123
7623
4623
6124
3124
4624
9124
7624
124
1624
1625
125
9125
3125
6125
7625
4625
6126
7626
9126
1626
3126
126
4626
1627
4627
6127
3127
127
7627
9127
4628
7628
128
9128
6128
3128
1628
3129
7629
1629
4629
129
6129
9129
9130
6130
1630
130
7630
3130
4630
1631
3131
131
7631
6131
4631
9131
3132
6132
9132
1632
132
7632
4632
9133
4633
133
7633
6133
3133
1633
4634
6134
9134
134
1634
7634
3134
3135
135
1635
7635
4635
6135
9135
4636
1636
6136
9136
3136
7636
136
7637
1637
9137
6137
4637
3137
137
138
6138
3138
7638
1638
4638
9138
1639
139
6139
7639
3139
9139
4639
3140
9140
140
6140
4640
7640
1640
1641
141
4641
9141
3141
7641
6141
6142
4642
3142
9142
1642
142
7642
4643
1643
3143
143
7643
9143
6143
1644
6144
9144
144
3144
4644
7644
145
4645
9145
1645
6145
7645
3145
1646
9146
6146
146
4646
3146
7646
1647
4647
6147
3147
147
7647
9147
7648
148
6148
4648
1648
3148
9148
7649
6149
9149
4649
1649
149
3149
1650
7650
150
4650
6150
9150
3150
4651
7651
1651
9151
151
6151
3151
9152
6152
4652
152
7652
3152
1652
4653
1653
3153
7653
153
6153
9153
6154
154
3154
9154
7654
1654
4654
7655
1655
4655
9155
3155
6155
155
3156
156
7656
6156
4656
1656
9156
3157
157
1657
6157
9157
4657
7657
4658
6158
1658
7658
9158
3158
158
1659
6159
7659
159
9159
4659
3159
1660
3160
6160
4660
9160
7660
160
9161
4661
161
6161
3161
1661
7661
9162
162
4662
6162
1662
7662
3162
163
7663
9163
4663
3163
1663
6163
7664
9164
1664
4664
6164
164
3164
9165
165
1665
6165
7665
4665
3165
166
3166
1666
9166
7666
4666
6166
7667
1667
9167
167
4667
3167
6167
3168
9168
1668
4668
7668
6168
168
1669
3169
6169
9169
169
4669
7669
7670
3170
9170
6170
4670
170
1670
1671
6171
3171
9171
171
4671
7671
1672
4672
3172
6172
9172
172
7672
9173
6173
3173
173
4673
1673
7673
174
4674
3174
7674
1674
9174
6174
6175
4675
175
3175
1675
7675
9175
1676
7676
3176
6176
9176
176
4676
9177
177
3177
1677
7677
4677
6177
4678
178
9178
7678
6178
3178
1678
179
3179
9179
7679
6179
4679
1679
3180
7680
9180
4680
180
6180
1680
4681
3181
6181
9181
181
1681
7681
7682
1682
4682
3182
6182
9182
182
7683
9183
183
1683
3183
4683
6183
6184
4684
184
9184
7684
1684
3184
185
3185
9185
6185
4685
7685
1685
6186
3186
7686
9186
186
4686
1686
6187
187
1687
7687
4687
3187
9187
1688
7688
4688
6188
3188
188
9188
9189
6189
189
1689
3189
4689
7689
9190
4690
7690
3190
6190
1690
190
7691
1691
9191
6191
191
3191
4691
192
3192
7692
1692
9192
6192
4692
7693
3193
193
6193
1693
9193
4693
6194
9194
4694
194
7694
1694
3194
6195
9195
1695
7695
4695
195
3195
1696
196
4696
6196
7696
9196
3196
1697
3197
6197
7697
9197
197
4697
1698
7698
9198
3198
198
4698
6198
7699
6199
9199
4699
1699
199
3199
200
6200
9200
3200
7700
4700
1700
9201
3201
6201
4701
7701
201
1701
1702
4702
3202
7702
202
9202
6202
4703
1703
203
6203
3203
9203
7703
9204
7704
1704
204
3204
6204
4704
4705
205
7705
3205
6205
9205
1705
7706
4706
1706
206
9206
3206
6206
207
3207
7707
6207
4707
9207
1707
208
1708
3208
6208
7708
9208
4708
9209
3209
1709
209
6209
7709
4709
3210
210
7710
6210
9210
1710
4710
3211
211
9211
1711
4711
6211
7711
7712
212
3212
4712
1712
6212
9212
7713
1713
3213
9213
6213
213
4713
4714
3214
9214
6214
1714
214
7714
9215
7715
3215
4715
1715
6215
215
4716
6216
7716
1716
216
9216
3216
7717
217
3217
6217
4717
9217
1717
6218
9218
7718
4718
1718
3218
218
3219
6219
219
4719
7719
1719
9219
6220
4720
3220
1720
7720
220
9220
6221
221
1721
3221
7721
4721
9221
6222
222
1722
4722
3222
7722
9222
7723
6223
4723
9223
223
3223
1723
3224
6224
1724
9224
224
7724
4724
9225
4725
225
7725
1725
3225
6225
3226
7726
9226
1726
226
6226
4726
1727
6227
7727
4727
9227
3227
227
7728
9228
4728
3228
1728
228
6228
6229
3229
229
7729
9229
4729
1729
9230
1730
4730
7730
6230
3230
230
6231
1731
3231
7731
9231
4731
231
1732
7732
3232
6232
4732
232
9232
9233
1733
7733
4733
233
6233
3233
234
3234
7734
1734
4734
6234
9234
9235
7735
1735
6235
4735
235
3235
9236
6236
7736
4736
1736
3236
236
9237
3237
6237
1737
4737
7737
237
4738
238
3238
9238
6238
1738
7738
9239
3239
4739
1739
6239
7739
239
6240
3240
4740
9240
1740
240
7740
1741
9241
6241
241
4741
3241
7741
7742
1742
4742
242
3242
6242
9242
7743
1743
6243
3243
243
9243
4743
7744
6244
1744
3244
4744
244
9244
3245
9245
245
6245
4745
1745
7745
6246
7746
4746
1746
246
9246
3246
1747
6247
4747
3247
247
7747
9247
3248
1748
7748
248
9248
6248
4748
249
3249
9249
7749
4749
1749
6249
7750
9250
4750
250
1750
3250
6250
4751
3251
251
1751
9251
7751
6251
9252
3252
1752
6252
252
7752
4752
9253
253
1753
6253
7753
3253
4753
7754
1754
9254
254
6254
3254
4754
9255
6255
3255
1755
4755
7755
255
6256
7756
1756
256
4756
9256
3256
7757
3257
257
1757
4757
9257
6257
4758
7758
9258
258
3258
1758
6258
6259
4759
9259
3259
259
1759
7759
3260
9260
4760
7760
1760
6260
260
6261
1761
261
7761
9261
4761
3261
1762
9262
7762
6262
3262
262
4762
4763
9263
7763
1763
3263
6263
263
3264
7764
6264
4764
264
1764
9264
4765
9265
6265
7765
265
3265
1765
1766
3266
4766
9266
6266
7766
266
1767
9267
267
3267
7767
6267
4767
4768
3268
9268
6268
7768
1768
268
7769
1769
6269
3269
4769
9269
269
7770
270
3270
9270
6270
4770
1770
6271
1771
3271
4771
7771
271
9271
6272
9272
272
3272
4772
7772
1772
4773
7773
9273
6273
1773
273
3273
7774
6274
274
9274
3274
4774
1774
4775
7775
6275
3275
275
1775
9275
3276
9276
6276
1776
7776
4776
276
9277
7777
3277
4777
6277
1777
277
9278
6278
7778
3278
4778
278
1778
4779
6279
1779
3279
7779
9279
279
9280
1780
6280
280
3280
4780
7780
6281
7781
281
1781
9281
3281
4781
1782
7782
282
3282
6282
9282
4782
3283
7783
1783
4783
283
6283
9283
7784
284
1784
6284
4784
3284
9284
285
3285
9285
6285
4785
1785
7785
9286
286
6286
1786
7786
3286
4786
3287
287
7787
4787
9287
6287
1787
6288
4788
7788
9288
1788
3288
288
6289
1789
4789
3289
9289
7789
289
290
4790
9290
1790
3290
6290
7790
1791
4791
7791
291
6291
9291
3291
1792
3292
4792
292
9292
7792
6292
6293
3293
4793
293
7793
1793
9293
6294
294
4794
9294
7794
3294
1794
295
3295
7795
4795
9295
1795
6295
3296
7796
4796
296
6296
1796
9296
4797
297
6297
3297
9297
7797
1797
3298
6298
1798
4798
298
7798
9298
299
3299
4799
9299
1799
7799
6299
300
1800
9300
4800
6300
3300
7800
4801
1801
301
7801
3301
9301
6301
6302
7802
3302
4802
1802
302
9302
3303
1803
303
6303
4803
7803
9303
1804
6304
3304
7804
304
4804
9304
7805
305
1805
3305
4805
6305
9305
306
9306
3306
6306
4806
7806
1806
9307
6307
1807
3307
307
7807
4807
9308
7808
1808
4808
3308
6308
308
7809
309
1809
3309
9309
6309
4809
9310
3310
1810
6310
7810
4810
310
1811
4811
9311
7811
6311
3311
311
7812
4812
9312
312
6312
1812
3312
3313
9313
1813
6313
7813
4813
313
3314
9314
6314
4814
1814
7814
314
9315
4815
315
3315
1815
7815
6315
316
9316
4816
7816
3316
6316
1816
4817
7817
1817
6317
3317
317
9317
9318
3318
1818
318
7818
4818
6318
4819
3319
6319
9319
319
7819
1819
1820
320
6320
4820
3320
9320
7820
3321
321
4821
1821
7821
9321
6321
7822
3322
6322
9322
1822
4822
322
4823
323
3323
9323
6323
1823
7823
4824
9324
6324
7824
3324
324
1824
1825
4825
7825
3325
6325
325
9325
7826
326
6326
3326
9326
4826
1826
9327
3327
327
4827
7827
1827
6327
328
3328
4828
1828
9328
7828
6328
4829
329
1829
3329
6329
9329
7829
7830
6330
330
4830
3330
9330
1830
9331
331
1831
3331
4831
6331
7831
7832
9332
3332
332
6332
1832
4832
9333
3333
1833
4833
333
6333
7833
9334
7834
1834
3334
4834
6334
334
3335
6335
4835
7835
1835
9335
335
4836
9336
3336
1836
7836
336
6336
1837
4837
6337
7837
3337
9337
337
1838
3338
7838
9338
4838
6338
338
6339
1839
7839
339
3339
4839
9339
1840
3340
7840
340
9340
6340
4840
9341
7841
341
3341
6341
4841
1841
7842
1842
9342
3342
4842
6342
342
343
6343
9343
4843
3343
1843
7843
9344
7844
344
3344
6344
4844
1844
1845
6345
7845
3345
345
4845
9345
1846
4846
3346
346
6346
9346
7846
347
6347
1847
3347
7847
9347
4847
1848
3348
6348
9348
4848
7848
348
3349
4849
7849
6349
1849
9349
349
9350
350
4850
1850
3350
6350
7850
1851
3351
4851
9351
7851
6351
351
3352
6352
9352
4852
7852
1852
352
7853
1853
4853
6353
9353
3353
353
354
4854
6354
7854
1854
9354
3354
355
3355
4855
1855
6355
7855
9355
356
3356
7856
4856
9356
1856
6356
6357
357
3357
9357
7857
1857
4857
9358
4858
358
6358
3358
1858
7858
7859
1859
359
6359
9359
4859
3359
7860
1860
4860
3360
6360
360
9360
7861
4861
9361
3361
6361
361
1861
1862
6362
7862
4862
9362
362
3362
3363
363
9363
7863
4863
6363
1863
364
4864
3364
1864
7864
6364
9364
365
3365
1865
9365
4865
7865
6365
6366
4866
366
3366
1866
7866
9366
9367
6367
4867
7867
367
3367
1867
368
4868
9368
3368
7868
6368
1868
1869
6369
7869
3369
369
4869
9369
6370
7870
4870
9370
370
1870
3370
7871
3371
6371
4871
371
9371
1871
4872
3372
7872
372
1872
6372
9372
7873
373
1873
6373
4873
9373
3373
4874
374
7874
6374
3374
1874
9374
6375
1875
4875
375
9375
3375
7875
6376
1876
7876
4876
376
9376
3376
6377
4877
9377
7877
377
1877
3377
6378
9378
378
7878
4878
1878
3378
6379
379
4879
9379
7879
3379
1879
3380
7880
9380
380
4880
6380
1880
3381
7881
381
9381
1881
4881
6381
1882
3382
382
7882
9382
4882
6382
9383
383
3383
7883
4883
1883
6383
6384
4884
3384
9384
1884
384
7884
7885
6385
1885
385
3385
4885
9385
6386
1886
9386
4886
7886
386
3386
4887
1887
3387
6387
7887
387
9387
6388
4888
7888
9388
1888
388
3388
9389
3389
7889
4889
389
1889
6389
6390
1890
3390
4890
390
9390
7890
9391
6391
391
1891
7891
4891
3391
392
7892
4892
9392
6392
1892
3392
1893
6393
3393
393
9393
4893
7893
6394
1894
9394
4894
7894
394
3394
4895
395
1895
3395
9395
7895
6395
9396
4896
3396
396
7896
1896
6396
1897
397
3397
9397
4897
6397
7897
4898
9398
7898
6398
1898
3398
398
6399
3399
9399
4899
7899
1899
399
6400
400
3400
7900
4900
9400
1900
6401
7901
4901
1901
401
3401
9401
9402
4902
7902
3402
1902
402
6402
6403
3403
1903
403
7903
9403
4903
7904
6404
404
1904
3404
9404
4904
1905
4905
6405
405
7905
3405
9405
3406
6406
4906
1906
406
9406
7906
6407
1907
407
9407
4907
7907
3407
408
9408
4908
6408
3408
7908
1908
1909
7909
9409
4909
3409
409
6409
6410
1910
9410
7910
4910
410
3410
1911
6411
4911
9411
3411
411
7911
9412
412
4912
3412
7912
6412
1912
3413
9413
7913
4913
6413
1913
413
3414
6414
414
1914
7914
4914
9414
3415
1915
4915
7915
9415
6415
415
1916
3416
6416
416
9416
4916
7916
1917
7917
9417
6417
3417
4917
417
1918
9418
418
4918
7918
3418
6418
1919
4919
7919
6419
3419
9419
419
6420
420
1920
3420
7920
4920
9420
9421
4921
7921
3421
421
1921
6421
1922
3422
6422
7922
9422
422
4922
4923
7923
3423
9423
6423
423
1923
4924
1924
424
7924
9424
6424
3424
7925
1925
6425
425
4925
3425
9425
6426
7926
3426
9426
426
1926
4926
1927
9427
3427
4927
427
6427
7927
4928
9428
428
3428
7928
6428
1928
7929
3429
429
6429
9429
1929
4929
9430
3430
430
4930
1930
6430
7930
6431
3431
4931
1931
9431
7931
431
9432
432
7932
1932
3432
4932
6432
433
9433
6433
7933
4933
1933
3433
7934
1934
3434
9434
434
4934
6434
4935
3435
1935
435
9435
7935
6435
7936
9436
1936
436
3436
4936
6436
7937
9437
3437
437
4937
1937
6437
3438
438
7938
4938
9438
1938
6438
3439
439
4939
6439
9439
7939
1939
440
3440
1940
7940
4940
9440
6440
3441
1941
4941
441
6441
7941
9441
3442
7942
6442
442
1942
4942
9442
9443
443
4943
7943
6443
3443
1943
4944
6444
1944
9444
444
3444
7944
6445
445
1945
4945
3445
9445
7945
9446
4946
446
7946
3446
6446
1946
447
7947
3447
1947
4947
6447
9447
6448
9448
4948
7948
448
3448
1948
3449
7949
1949
449
6449
4949
9449
4950
1950
7950
450
6450
9450
3450
6451
4951
1951
7951
451
9451
3451
7952
4952
1952
452
6452
9452
3452
1953
6453
4953
9453
3453
453
7953
4954
7954
6454
454
1954
9454
3454
9455
1955
6455
7955
3455
455
4955
6456
9456
456
3456
1956
7956
4956
4957
1957
9457
3457
457
6457
7957
6458
1958
9458
458
3458
7958
4958
4959
3459
459
1959
7959
6459
9459
4960
1960
7960
9460
6460
460
3460
4961
6461
461
1961
3461
9461
7961
6462
7962
3462
4962
462
1962
9462
463
9463
6463
3463
7963
4963
1963
4964
9464
1964
7964
6464
3464
464
6465
465
9465
7965
3465
4965
1965
9466
1966
6466
3466
4966
466
7966
6467
7967
1967
4967
9467
3467
467
6468
9468
468
4968
3468
1968
7968
9469
3469
7969
4969
469
6469
1969
9470
470
6470
7970
1970
4970
3470
3471
471
1971
6471
4971
9471
7971
4972
6472
3472
7972
9472
472
1972
7973
3473
1973
6473
9473
4973
473
6474
474
4974
3474
1974
9474
7974
1975
3475
6475
475
9475
4975
7975
6476
3476
1976
9476
4976
476
7976
7977
477
1977
6477
3477
4977
9477
4978
3478
9478
478
7978
6478
1978
479
9479
3479
6479
4979
7979
1979
1980
6480
480
3480
7980
4980
9480
4981
6481
7981
481
3481
1981
9481
9482
7982
6482
4982
1982
3482
482
483
4983
3483
1983
9483
7983
6483
7984
484
6484
1984
3484
9484
4984
4985
6485
485
3485
7985
1985
9485
486
7986
6486
3486
4986
1986
9486
7987
9487
487
6487
3487
1987
4987
3488
488
1988
7988
4988
6488
9488
9489
1989
7989
6489
489
4989
3489
1990
3490
6490
9490
7990
4990
490
491
1991
3491
7991
4991
6491
9491
4992
7992
9492
6492
492
3492
1992
9493
3493
4993
6493
493
7993
1993
494
4994
7994
9494
3494
6494
1994
3495
9495
495
7995
6495
4995
1995
6496
7996
1996
9496
496
3496
4996
6497
1997
3497
4997
9497
7997
497
9498
4998
6498
7998
498
3498
1998
1999
499
4999
7999
6499
3499
9499
6500
5000
3500
8000
500
2000
9500
9501
501
8001
2001
3501
6501
5001
9502
6502
502
3502
8002
5002
2002
3503
2003
9503
8003
6503
503
5003
6504
504
8004
5004
2004
9504
3504
3505
505
5005
8005
6505
9505
2005
6506
5006
2006
8006
506
9506
3506
8007
5007
6507
9507
2007
3507
507
9508
2008
5008
6508
508
3508
8008
2009
3509
509
9509
6509
5009
8009
8010
3510
2010
6510
5010
510
9510
6511
5011
3511
9511
8011
2011
511
9512
512
2012
8012
3512
6512
5012
513
8013
3513
2013
6513
9513
5013
5014
9514
6514
2014
8014
514
3514
515
3515
2015
8015
9515
6515
5015
516
9516
8016
2016
5016
6516
3516
517
6517
2017
3517
9517
5017
8017
8018
5018
3518
518
9518
6518
2018
519
3519
5019
2019
8019
6519
9519
520
9520
8020
6520
5020
2020
3520
521
5021
6521
2021
3521
9521
8021
9522
2022
8022
3522
6522
5022
522
2023
523
9523
6523
3523
5023
8023
3524
5024
524
9524
2024
8024
6524
525
6525
3525
8025
5025
2025
9525
9526
8026
5026
3526
526
6526
2026
2027
6527
8027
527
9527
5027
3527
6528
528
2028
5028
9528
8028
3528
2029
529
3529
6529
5029
9529
8029
6530
530
5030
9530
3530
8030
2030
6531
5031
2031
3531
8031
531
9531
8032
9532
6532
2032
5032
3532
532
6533
8033
5033
2033
9533
3533
533
534
5034
8034
6534
2034
9534
3534
2035
535
8035
3535
6535
5035
9535
536
9536
8036
3536
5036
6536
2036
6537
2037
537
3537
8037
9537
5037
6538
8038
2038
538
9538
3538
5038
3539
539
2039
9539
8039
5039
6539
3540
540
6540
8040
5040
9540
2040
8041
2041
3541
5041
541
6541
9541
542
9542
6542
3542
5042
8042
2042
2043
5043
9543
543
6543
8043
3543
544
3544
2044
5044
8044
9544
6544
8045
2045
545
5045
3545
6545
9545
2046
8046
546
5046
6546
3546
9546
5047
3547
9547
6547
2047
8047
547
5048
6548
3548
2048
9548
548
8048
5049
8049
549
9549
2049
3549
6549
5050
3550
9550
6550
550
8050
2050
8051
5051
9551
3551
551
2051
6551
3552
6552
5052
9552
552
8052
2052
6553
3553
5053
553
8053
9553
2053
554
2054
3554
5054
9554
8054
6554
3555
8055
6555
5055
555
9555
2055
556
2056
8056
5056
3556
9556
6556
2057
8057
557
5057
3557
6557
9557
6558
2058
3558
558
9558
8058
5058
9559
2059
3559
6559
559
8059
5059
560
6560
2060
8060
9560
3560
5060
9561
8061
3561
561
5061
6561
2061
2062
5062
562
9562
3562
8062
6562
3563
8063
563
6563
9563
2063
5063
9564
564
5064
8064
2064
6564
3564
6565
565
2065
9565
8065
3565
5065
9566
8066
6566
3566
2066
5066
566
3567
5067
9567
8067
2067
6567
567
6568
568
2068
9568
5068
8068
3568
5069
8069
3569
569
6569
9569
2069
8070
9570
5070
2070
570
6570
3570
6571
3571
8071
2071
5071
571
9571
6572
2072
572
9572
8072
5072
3572
6573
9573
573
3573
2073
8073
5073
5074
574
8074
6574
9574
3574
2074
6575
5075
2075
575
3575
8075
9575
6576
5076
2076
576
8076
9576
3576
8077
9577
5077
2077
3577
6577
577
2078
8078
578
5078
6578
3578
9578
8079
9579
5079
2079
3579
6579
579
580
9580
2080
6580
5080
3580
8080
8081
2081
6581
581
9581
3581
5081
3582
9582
2082
5082
582
6582
8082
5083
3583
6583
8083
2083
583
9583
5084
8084
584
9584
6584
2084
3584
5085
9585
585
6585
8085
3585
2085
9586
8086
6586
5086
2086
586
3586
6587
587
9587
5087
3587
8087
2087
6588
588
5088
3588
2088
9588
8088
9589
3589
589
8089
6589
2089
5089
3590
8090
9590
590
5090
6590
2090
6591
591
9591
8091
5091
3591
2091
3592
592
5092
2092
6592
8092
9592
8093
6593
2093
5093
3593
9593
593
594
3594
6594
8094
9594
2094
5094
8095
6595
9595
2095
595
3595
5095
2096
9596
8096
3596
596
5096
6596
8097
3597
9597
2097
597
6597
5097
6598
8098
598
3598
9598
2098
5098
3599
6599
599
2099
8099
9599
5099
6600
3600
5100
9600
8100
600
2100
3601
601
2101
5101
9601
8101
6601
8102
2102
602
3602
5102
6602
9602
5103
6603
3603
2103
9603
603
8103
3604
604
5104
6604
8104
2104
9604
6605
3605
5105
9605
605
8105
2105
5106
2106
3606
9606
6606
8106
606
8107
9607
3607
607
2107
5107
6607
2108
9608
608
8108
3608
5108
6608
3609
6609
2109
609
8109
9609
5109
9610
5110
3610
2110
610
6610
8110
3611
8111
6611
5111
9611
2111
611
2112
3612
612
8112
5112
9612
6612
5113
6613
9613
3613
613
8113
2113
9614
6614
614
3614
2114
5114
8114
9615
2115
6615
8115
5115
3615
615
3616
2116
5116
9616
616
8116
6616
6617
2117
617
8117
9617
3617
5117
3618
9618
2118
618
5118
8118
6618
3619
6619
5119
2119
9619
8119
619
620
8120
5120
2120
9620
6620
3620
3621
8121
9621
5121
2121
6621
621
2122
622
3622
6622
8122
5122
9622
9623
3623
6623
5123
623
8123
2123
5124
2124
3624
6624
9624
624
8124
5125
9625
8125
6625
625
3625
2125
626
2126
9626
8126
3626
5126
6626
2127
6627
9627
3627
5127
627
8127
6628
8128
5128
2128
9628
628
3628
5129
8129
629
9629
2129
3629
6629
630
9630
5130
2130
6630
8130
3630
2131
8131
5131
631
6631
3631
9631
6632
632
2132
9632
5132
3632
8132
633
6633
8133
3633
9633
2133
5133
5134
6634
3634
2134
8134
9634
634
3635
635
9635
6635
5135
8135
2135
8136
9636
3636
2136
636
6636
5136
3637
637
9637
5137
8137
2137
6637
6638
8138
2138
638
9638
5138
3638
8139
2139
9639
6639
5139
3639
639
9640
8140
3640
5140
6640
2140
640
641
8141
5141
3641
2141
9641
6641
9642
6642
3642
642
8142
2142
5142
8143
5143
643
6643
2143
3643
9643
6644
2144
3644
9644
8144
644
5144
2145
5145
645
6645
8145
3645
9645
3646
5146
9646
2146
646
8146
6646
3647
8147
2147
6647
5147
9647
647
5148
8148
9648
648
6648
2148
3648
8149
5149
649
2149
9649
6649
3649
5150
2150
650
3650
8150
9650
6650
8151
5151
6651
651
3651
9651
2151
8152
5152
652
2152
6652
9652
3652
5153
6653
9653
3653
8153
2153
653
8154
6654
654
2154
3654
5154
9654
8155
5155
655
9655
3655
6655
2155
9656
2156
5156
656
8156
3656
6656
5157
6657
8157
9657
3657
2157
657
2158
9658
658
6658
5158
8158
3658
8159
659
5159
6659
3659
9659
2159
3660
6660
5160
660
8160
9660
2160
5161
2161
6661
3661
8161
661
9661
5162
9662
3662
662
2162
6662
8162
2163
5163
6663
9663
3663
8163
663
2164
6664
9664
5164
664
8164
3664
6665
3665
9665
8165
665
5165
2165
8166
666
9666
2166
3666
6666
5166
6667
3667
2167
5167
667
8167
9667
6668
9668
2168
8168
3668
5168
668
2169
669
9669
3669
8169
5169
6669
5170
8170
3670
2170
6670
670
9670
3671
9671
8171
671
5171
2171
6671
9672
2172
672
6672
3672
8172
5172
6673
5173
2173
673
8173
9673
3673
9674
674
8174
2174
5174
3674
6674
6675
9675
3675
8175
675
5175
2175
9676
676
6676
3676
5176
8176
2176
6677
5177
8177
9677
3677
2177
677
9678
5178
2178
8178
678
3678
6678
6679
3679
679
9679
8179
2179
5179
3680
8180
2180
680
6680
5180
9680
8181
5181
6681
2181
9681
681
3681
2182
682
6682
3682
9682
8182
5182
6683
9683
2183
3683
5183
683
8183
6684
5184
3684
684
9684
2184
8184
5185
9685
3685
2185
6685
685
8185
3686
6686
686
5186
9686
2186
8186
8187
687
3687
2187
5187
6687
9687
688
5188
3688
8188
2188
6688
9688
8189
9689
5189
3689
689
2189
6689
5190
9690
690
6690
8190
3690
2190
2191
8191
6691
691
5191
3691
9691
9692
8192
5192
2192
6692
692
3692
8193
9693
2193
5193
3693
693
6693
8194
5194
3694
2194
6694
9694
694
6695
9695
8195
695
3695
2195
5195
8196
5196
9696
2196
6696
3696
696
697
2197
8197
6697
3697
9697
5197
2198
6698
9698
5198
698
3698
8198
699
6699
3699
9699
5199
2199
8199
700
9700
6700
2200
5200
8200
3700
8201
5201
6701
701
2201
9701
3701
5202
702
8202
2202
3702
9702
6702
9703
8203
6703
703
3703
2203
5203
5204
9704
2204
8204
704
3704
6704
705
6705
5205
8205
9705
3705
2205
9706
2206
6706
3706
8206
5206
706
6707
9707
707
2207
3707
8207
5207
3708
708
5208
8208
6708
9708
2208
8209
6709
2209
5209
3709
709
9709
2210
9710
3710
5210
8210
710
6710
8211
2211
6711
711
5211
3711
9711
5212
2212
9712
3712
6712
8212
712
8213
713
5213
6713
9713
3713
2213
9714
2214
714
5214
8214
6714
3714
5215
2215
6715
715
9715
3715
8215
716
6716
2216
9716
5216
8216
3716
2217
8217
9717
717
5217
6717
3717
6718
9718
8218
5218
718
2218
3718
2219
8219
9719
5219
6719
719
3719
6720
9720
5220
8220
3720
2220
720
5221
9721
2221
8221
6721
721
3721
2222
5222
9722
722
8222
3722
6722
723
9723
6723
5223
2223
8223
3723
8224
5224
6724
3724
9724
724
2224
725
6725
5225
3725
9725
8225
2225
2226
5226
726
6726
8226
9726
3726
9727
5227
2227
6727
727
3727
8227
8228
2228
5228
9728
728
6728
3728
2229
5229
8229
6729
729
3729
9729
8230
3730
5230
730
9730
6730
2230
9731
6731
5231
2231
731
3731
8231
732
6732
5232
3732
9732
8232
2232
2233
8233
6733
5233
3733
9733
733
2234
6734
8234
734
3734
9734
5234
3735
5235
8235
735
9735
6735
2235
2236
6736
736
8236
3736
5236
9736
5237
737
9737
3737
6737
8237
2237
738
2238
8238
9738
6738
5238
3738
6739
5239
739
8239
9739
3739
2239
740
9740
8240
6740
5240
3740
2240
741
2241
6741
8241
5241
3741
9741
5242
742
3742
9742
2242
8242
6742
2243
9743
8243
743
6743
5243
3743
2244
9744
3744
744
8244
5244
6744
745
6745
5245
2245
3745
8245
9745
6746
2246
746
5246
8246
9746
3746
6747
3747
9747
5247
2247
747
8247
6748
5248
9748
8248
748
2248
3748
3749
9749
6749
749
8249
5249
2249
9750
8250
6750
3750
5250
2250
750
9751
8251
751
3751
5251
2251
6751
3752
2252
6752
9752
8252
5252
752
6753
9753
2253
5253
3753
753
8253
6754
2254
754
9754
3754
8254
5254
3755
8255
2255
5255
6755
755
9755
6756
756
9756
2256
3756
8256
5256
5257
6757
3757
2257
9757
757
8257
8258
9758
3758
5258
758
6758
2258
5259
9759
6759
3759
759
2259
8259
5260
2260
8260
6760
760
3760
9760
2261
5261
3761
761
6761
8261
9761
3762
9762
5262
6762
762
8262
2262
2263
763
6763
5263
9763
3763
8263
5264
2264
6764
9764
8264
764
3764
6765
5265
2265
8265
3765
9765
765
6766
3766
9766
5266
766
2266
8266
5267
8267
767
9767
6767
3767
2267
5268
2268
8268
9768
6768
3768
768
769
9769
2269
8269
6769
3769
5269
5270
8270
770
2270
6770
3770
9770
5271
3771
8271
771
9771
2271
6771
8272
5272
9772
2272
772
6772
3772
8273
6773
3773
5273
9773
2273
773
2274
6774
8274
9774
3774
774
5274
2275
3775
8275
775
6775
9775
5275
8276
6776
5276
776
3776
9776
2276
6777
8277
2277
777
9777
3777
5277
6778
3778
9778
5278
2278
778
8278
3779
779
2279
6779
8279
5279
9779
6780
5280
9780
8280
3780
780
2280
6781
9781
781
3781
8281
5281
2281
782
6782
9782
8282
5282
2282
3782
6783
3783
8283
5283
2283
9783
783
784
5284
8284
6784
9784
3784
2284
8285
5285
9785
6785
3785
785
2285
8286
2286
6786
3786
5286
9786
786
3787
5287
8287
9787
787
2287
6787
5288
6788
3788
788
9788
8288
2288
2289
8289
3789
9789
789
5289
6789
8290
9790
3790
790
2290
6790
5290
2291
791
9791
6791
8291
5291
3791
8292
792
6792
3792
2292
5292
9792
3793
9793
6793
8293
2293
5293
793
9794
794
5294
2294
6794
8294
3794
8295
9795
6795
5295
2295
3795
795
9796
796
6796
2296
3796
5296
8296
5297
6797
9797
8297
3797
797
2297
5298
8298
3798
2298
798
6798
9798
8299
6799
2299
5299
3799
9799
799
8300
5300
2300
6800
3800
9800
800
6801
8301
2301
801
3801
9801
5301
3802
8302
9802
6802
5302
2302
802
803
9803
6803
3803
8303
2303
5303
3804
804
6804
2304
5304
9804
8304
5305
3805
2305
6805
805
9805
8305
2306
3806
6806
806
8306
9806
5306
3807
807
8307
9807
2307
5307
6807
5308
2308
3808
8308
9808
808
6808
2309
5309
3809
9809
809
6809
8309
8310
5310
3810
6810
9810
810
2310
9811
5311
811
2311
3811
6811
8311
812
5312
2312
6812
8312
9812
3812
8313
813
5313
6813
9813
3813
2313
2314
8314
9814
814
5314
6814
3814
9815
815
5315
8315
3815
2315
6815
5316
3816
9816
816
6816
8316
2316
3817
817
6817
5317
8317
2317
9817
3818
818
2318
6818
8318
9818
5318
6819
9819
3819
5319
8319
2319
819
8320
9820
5320
2320
6820
3820
820
3821
5321
821
6821
2321
9821
8321
2322
5322
8322
3822
9822
6822
822
5323
2323
823
9823
3823
6823
8323
5324
3824
8324
824
2324
9824
6824
8325
5325
2325
825
9825
6825
3825
8326
5326
3826
2326
826
9826
6826
6827
3827
827
2327
9827
8327
5327
3828
5328
2328
9828
828
6828
8328
5329
3829
2329
829
6829
9829
8329
6830
8330
3830
9830
5330
2330
830
3831
2331
5331
8331
9831
6831
831
8332
5332
3832
832
6832
2332
9832
5333
2333
8333
9833
6833
833
3833
9834
6834
3834
2334
834
5334
8334
9835
6835
835
2335
3835
5335
8335
2336
5336
836
3836
8336
6836
9836
5337
837
2337
8337
9837
3837
6837
2338
3838
6838
9838
8338
5338
838
2339
6839
839
3839
5339
8339
9839
3840
5340
6840
2340
840
9840
8340
6841
841
8341
3841
5341
2341
9841
6842
9842
842
8342
5342
3842
2342
9843
843
6843
3843
5343
2343
8343
6844
844
2344
9844
3844
5344
8344
3845
2345
8345
9845
5345
6845
845
3846
6846
2346
846
9846
8346
5346
9847
6847
2347
3847
847
8347
5347
9848
6848
5348
8348
2348
848
3848
9849
8349
5349
6849
849
3849
2349
8350
2350
3850
9850
5350
6850
850
6851
9851
851
5351
3851
2351
8351
3852
2352
8352
5352
6852
852
9852
8353
5353
6853
2353
3853
9853
853
2354
8354
854
3854
9854
6854
5354
8355
9855
6855
3855
2355
855
5355
2356
6856
9856
8356
5356
3856
856
6857
3857
8357
2357
857
9857
5357
858
8358
6858
5358
3858
9858
2358
6859
9859
2359
5359
8359
859
3859
860
2360
3860
5360
6860
9860
8360
6861
8361
5361
2361
3861
9861
861
3862
5362
9862
8362
2362
6862
862
2363
3863
863
6863
5363
9863
8363
9864
2364
5364
3864
864
8364
6864
865
2365
5365
8365
6865
3865
9865
6866
9866
3866
866
8366
5366
2366
5367
867
6867
3867
8367
9867
2367
8368
2368
3868
9868
5368
868
6868
6869
9869
3869
5369
869
8369
2369
5370
3870
2370
6870
8370
870
9870
6871
871
9871
8371
5371
3871
2371
6872
8372
3872
9872
872
5372
2372
6873
3873
9873
2373
873
5373
8373
3874
8374
5374
6874
2374
874
9874
6875
9875
5375
875
3875
8375
2375
876
5376
8376
3876
2376
9876
6876
6877
877
8377
5377
3877
9877
2377
6878
2378
8378
878
5378
9878
3878
3879
8379
879
9879
6879
2379
5379
5380
880
8380
3880
9880
6880
2380
8381
5381
881
3881
9881
2381
6881
2382
882
5382
6882
9882
3882
8382
9883
6883
8383
5383
2383
883
3883
2384
6884
5384
9884
884
3884
8384
5385
885
6885
9885
3885
2385
8385
9886
2386
5386
6886
8386
886
3886
3887
9887
6887
2387
8387
5387
887
2388
888
3888
9888
5388
6888
8388
9889
889
3889
6889
2389
5389
8389
9890
6890
8390
890
5390
3890
2390
8391
9891
891
6891
3891
5391
2391
9892
892
2392
6892
3892
8392
5392
2393
8393
893
3893
6893
9893
5393
5394
9894
894
2394
3894
8394
6894
9895
5395
6895
3895
895
2395
8395
896
3896
2396
5396
8396
6896
9896
5397
897
2397
6897
3897
9897
8397
8398
3898
898
6898
2398
5398
9898
899
6899
8399
9899
5399
2399
3899
2400
3900
6900
900
8400
5400
9900
8401
901
5401
9901
2401
3901
6901
3902
902
2402
9902
8402
5402
6902
903
5403
8403
3903
6903
2403
9903
8404
2404
9904
3904
6904
5404
904
6905
2405
3905
9905
8405
905
5405
2406
3906
6906
5406
906
9906
8406
6907
9907
8407
907
2407
5407
3907
3908
8408
9908
908
6908
5408
2408
2409
6909
8409
3909
5409
909
9909
8410
9910
5410
910
6910
2410
3910
911
5411
9911
3911
8411
2411
6911
912
9912
8412
2412
6912
3912
5412
913
8413
6913
3913
5413
2413
9913
2414
5414
9914
3914
914
8414
6914
6915
2415
5415
8415
3915
9915
915
3916
8416
916
2416
6916
5416
9916
5417
6917
3917
9917
2417
8417
917
9918
918
3918
5418
8418
6918
2418
919
5419
6919
8419
9919
3919
2419
6920
9920
5420
3920
920
8420
2420
3921
9921
8421
5421
921
2421
6921
9922
5422
8422
2422
6922
922
3922
9923
5423
8423
3923
2423
6923
923
6924
924
2424
5424
9924
3924
8424
925
6925
3925
9925
8425
5425
2425
2426
926
5426
3926
8426
9926
6926
9927
6927
5427
8427
2427
927
3927
2428
928
8428
9928
3928
5428
6928
3929
2429
9929
5429
929
8429
6929
3930
9930
6930
5430
8430
2430
930
9931
8431
5431
3931
2431
931
6931
8432
2432
9932
5432
6932
3932
932
6933
8433
933
2433
5433
3933
9933
934
8434
5434
3934
6934
9934
2434
2435
9935
935
6935
5435
3935
8435
6936
3936
936
9936
5436
2436
8436
937
3937
9937
2437
8437
5437
6937
8438
938
2438
5438
9938
6938
3938
939
8439
3939
2439
5439
9939
6939
2440
6940
940
9940
3940
5440
8440
2441
9941
8441
5441
3941
941
6941
8442
3942
2442
6942
942
9942
5442
3943
2443
943
9943
5443
8443
6943
2444
8444
9944
3944
944
5444
6944
3945
5445
945
9945
6945
2445
8445
8446
9946
5446
2446
946
3946
6946
5447
947
9947
2447
3947
6947
8447
2448
5448
3948
948
9948
8448
6948
456168948
949
6949
9949
2449
3949
5449
8449
950
8450
6950
5450
3950
9950
2450
9951
8451
951
5451
2451
3951
6951
9952
8452
3952
952
2452
6952
5452
3953
5453
8453
953
2453
6953
9953
9954
5454
8454
2454
6954
954
3954
8455
6955
3955
2455
9955
5455
955
3956
9956
8456
2456
956
5456
6956
5457
9957
3957
957
6957
2457
8457
8458
3958
9958
5458
2458
6958
958
6959
3959
9959
2459
959
5459
8459
2460
9960
3960
8460
6960
960
5460
5461
8461
961
3961
2461
6961
9961
5462
2462
8462
6962
9962
962
3962
5463
2463
9963
3963
963
8463
6963
964
2464
9964
5464
8464
6964
3964
6965
9965
8465
965
2465
5465
3965
966
8466
6966
5466
3966
9966
2466
6967
3967
967
5467
8467
2467
9967
6968
9968
5468
3968
8468
968
2468
2469
3969
8469
6969
5469
969
9969
2470
9970
8470
5470
970
6970
3970
2471
971
5471
8471
9971
3971
6971
5472
8472
9972
3972
2472
972
6972
5473
8473
973
9973
3973
6973
2473
974
2474
9974
8474
5474
3974
6974
975
8475
6975
5475
2475
9975
3975
8476
5476
2476
6976
9976
3976
976
9977
5477
6977
3977
8477
977
2477
6978
9978
3978
978
8478
5478
2478
9979
2479
8479
6979
3979
979
5479
2480
5480
8480
6980
980
9980
3980
9981
2481
8481
6981
3981
5481
981
3982
982
2482
9982
5482
6982
8482
2483
6983
983
8483
5483
9983
3983
3984
8484
6984
5484
2484
9984
984
9985
6985
3985
5485
2485
985
8485
3986
986
8486
9986
2486
6986
5486
6987
3987
5487
2487
8487
987
9987
988
6988
9988
8488
3988
5488
2488
9989
8489
5489
989
2489
6989
3989
6990
3990
9990
8490
990
2490
5490
5491
991
8491
9991
6991
3991
2491
3992
8492
992
2492
9992
5492
6992
6993
993
3993
8493
2493
9993
5493
9994
994
3994
6994
8494
2494
5494
995
5495
9995
6995
2495
3995
8495
996
8496
6996
9996
5496
2496
3996
6997
2497
8497
997
3997
5497
9997
8498
998
5498
6998
2498
3998
9998
9999
3999
6999
8499
5499
2499
999
4000
2500
5500
1000
8500
7000
4001
8501
7001
1001
5501
2501
4002
2502
1002
5502
8502
7002
7003
1003
2503
4003
5503
8503
5504
8504
2504
4004
1004
7004
8505
4005
2505
1005
5505
7005
7006
1006
5506
8506
2506
4006
4007
1007
5507
8507
2507
7007
1008
8508
2508
5508
7008
4008
4009
8509
7009
1009
2509
5509
1010
8510
7010
4010
5510
2510
4011
1011
2511
5511
7011
8511
4012
8512
5512
2512
1012
7012
5513
4013
1013
8513
2513
7013
5514
1014
8514
2514
7014
4014
1015
4015
8515
5515
7015
2515
5516
1016
2516
8516
7016
4016
8517
5517
1017
7017
2517
4017
4018
1018
5518
2518
8518
7018
2519
1019
7019
4019
8519
5519
2520
1020
8520
7020
4020
5520
4021
8521
5521
2521
1021
7021
1022
2522
4022
5522
8522
7022
5523
4023
8523
1023
2523
7023
5524
8524
1024
7024
2524
4024
5525
2525
1025
8525
4025
7025
7026
1026
8526
5526
4026
2526
5527
8527
1027
2527
4027
7027
8528
4028
5528
2528
7028
1028
5529
2529
4029
7029
8529
1029
2530
7030
4030
1030
5530
8530
1031
7031
5531
4031
8531
2531
1032
2532
4032
8532
5532
7032
1033
5533
4033
8533
7033
2533
7034
4034
8534
5534
2534
1034
7035
4035
2535
8535
1035
5535
8536
7036
1036
4036
2536
5536
8537
5537
1037
2537
7037
4037
2538
8538
4038
7038
1038
5538
5539
2539
7039
8539
4039
1039
5540
8540
4040
7040
1040
2540
1041
4041
7041
2541
8541
5541
5542
7042
2542
1042
8542
4042
1043
5543
4043
2543
7043
8543
5544
2544
4044
1044
8544
7044
4045
8545
2545
1045
7045
5545
8546
5546
2546
7046
4046
1046
7047
1047
8547
5547
2547
4047
5548
4048
1048
8548
2548
7048
2549
4049
8549
7049
1049
5549
2550
4050
8550
1050
7050
5550
7051
8551
5551
2551
4051
1051
4052
7052
5552
2552
8552
1052
5553
7053
4053
1053
2553
8553
8554
2554
4054
1054
5554
7054
1055
4055
5555
7055
8555
2555
5556
7056
8556
4056
2556
1056
4057
7057
1057
8557
5557
2557
2558
8558
1058
4058
5558
7058
4059
8559
1059
7059
5559
2559
7060
2560
1060
8560
4060
5560
8561
2561
7061
4061
5561
1061
2562
1062
5562
4062
8562
7062
7063
1063
8563
2563
4063
5563
5564
2564
1064
8564
4064
7064
2565
7065
8565
1065
4065
5565
4066
2566
8566
7066
5566
1066
4067
7067
1067
5567
2567
8567
8568
1068
2568
4068
7068
5568
2569
5569
7069
1069
8569
4069
5570
7070
4070
1070
2570
8570
8571
5571
4071
2571
1071
7071
2572
5572
4072
7072
1072
8572
2573
8573
7073
1073
5573
4073
2574
5574
7074
8574
1074
4074
5575
8575
2575
1075
7075
4075
4076
5576
1076
2576
8576
7076
2577
1077
5577
4077
8577
7077
1078
4078
5578
8578
2578
7078
7079
2579
4079
8579
5579
1079
5580
1080
8580
4080
7080
2580
2581
5581
4081
7081
1081
8581
7082
2582
5582
1082
8582
4082
2583
5583
4083
7083
1083
8583
4084
5584
2584
7084
1084
8584
5585
2585
8585
4085
7085
1085
8586
7086
5586
1086
4086
2586
1087
4087
8587
5587
2587
7087
1088
8588
4088
7088
2588
5588
2589
4089
5589
7089
8589
1089
1090
2590
7090
5590
4090
8590
8591
1091
2591
5591
4091
7091
1092
2592
4092
5592
8592
7092
1093
2593
5593
8593
7093
4093
8594
5594
1094
4094
2594
7094
1095
7095
5595
8595
4095
2595
8596
4096
5596
7096
2596
1096
1097
2597
8597
5597
7097
4097
8598
4098
5598
2598
1098
7098
5599
1099
2599
4099
8599
7099
4100
2600
5600
1100
7100
8600
1101
5601
7101
8601
4101
2601
4102
8602
1102
2602
5602
7102
1103
8603
7103
2603
4103
5603
2604
1104
5604
7104
4104
8604
8605
7105
2605
5605
4105
1105
4106
5606
7106
1106
8606
2606
4107
5607
8607
7107
2607
1107
5608
7108
4108
8608
2608
1108
2609
4109
1109
5609
8609
7109
5610
7110
8610
1110
2610
4110
2611
5611
1111
4111
7111
8611
1112
8612
4112
7112
5612
2612
7113
4113
1113
5613
8613
2613
7114
2614
1114
4114
8614
5614
2615
4115
5615
1115
8615
7115
2616
5616
7116
1116
8616
4116
8617
5617
4117
1117
7117
2617
2618
1118
5618
7118
8618
4118
8619
7119
5619
1119
4119
2619
7120
8620
2620
1120
5620
4120
1121
8621
7121
5621
2621
4121
1122
7122
2622
4122
8622
5622
1123
7123
4123
2623
8623
5623
4124
5624
8624
2624
7124
1124
7125
1125
8625
5625
2625
4125
1126
5626
7126
4126
2626
8626
2627
8627
7127
1127
5627
4127
5628
4128
2628
8628
1128
7128
1129
8629
4129
5629
7129
2629
4130
8630
5630
2630
7130
1130
7131
5631
8631
1131
2631
4131
1132
5632
7132
4132
8632
2632
5633
1133
8633
7133
4133
2633
1134
4134
2634
5634
7134
8634
1135
5635
4135
2635
8635
7135
5636
2636
7136
8636
4136
1136
4137
2637
8637
5637
7137
1137
4138
8638
5638
1138
7138
2638
4139
5639
7139
1139
2639
8639
5640
7140
1140
8640
4140
2640
2641
8641
1141
5641
7141
4141
5642
1142
7142
4142
8642
2642
1143
8643
7143
2643
5643
4143
1144
7144
5644
8644
4144
2644
8645
2645
1145
7145
5645
4145
1146
2646
5646
8646
7146
4146
2647
7147
5647
4147
1147
8647
8648
4148
5648
1148
2648
7148
7149
5649
1149
2649
8649
4149
8650
7150
1150
5650
4150
2650
8651
5651
4151
1151
2651
7151
5652
7152
1152
8652
2652
4152
8653
7153
5653
4153
1153
2653
2654
8654
1154
7154
5654
4154
8655
4155
1155
2655
5655
7155
8656
5656
4156
7156
1156
2656
1157
4157
5657
7157
2657
8657
2658
5658
8658
7158
4158
1158
5659
8659
7159
4159
2659
1159
7160
2660
4160
1160
8660
5660
5661
7161
4161
2661
1161
8661
7162
5662
4162
1162
8662
2662
8663
2663
4163
1163
5663
7163
2664
7164
1164
4164
5664
8664
4165
1165
7165
8665
2665
5665
2666
5666
4166
8666
1166
7166
4167
5667
7167
2667
8667
1167
5668
2668
4168
8668
7168
1168
1169
8669
5669
4169
2669
7169
7170
2670
4170
5670
1170
8670
8671
4171
2671
7171
5671
1171
7172
1172
5672
2672
4172
8672
8673
5673
4173
2673
7173
1173
8674
4174
5674
2674
7174
1174
7175
2675
4175
8675
5675
1175
4176
2676
5676
1176
7176
8676
7177
1177
8677
2677
4177
5677
5678
8678
1178
7178
4178
2678
4179
8679
7179
5679
1179
2679
5680
2680
7180
4180
8680
1180
1181
2681
8681
4181
7181
5681
1182
2682
8682
5682
4182
7182
5683
2683
7183
1183
8683
4183
8684
2684
5684
4184
1184
7184
2685
7185
8685
4185
1185
5685
7186
2686
5686
1186
4186
8686
5687
4187
1187
8687
2687
7187
7188
2688
1188
4188
5688
8688
8689
4189
5689
7189
1189
2689
2690
8690
7190
5690
1190
4190
1191
4191
5691
8691
2691
7191
7192
2692
1192
8692
4192
5692
1193
7193
5693
4193
2693
8693
7194
8694
5694
1194
4194
2694
1195
4195
2695
8695
7195
5695
1196
5696
4196
2696
8696
7196
1197
4197
7197
2697
5697
8697
5698
8698
4198
2698
1198
7198
1199
5699
4199
7199
8699
2699
8700
5700
4200
1200
7200
2700
2701
1201
8701
4201
5701
7201
1202
4202
2702
5702
7202
8702
2703
1203
5703
8703
4203
7203
4204
7204
5704
2704
1204
8704
8705
7205
1205
2705
5705
4205
5706
1206
2706
7206
4206
8706
4207
1207
5707
2707
8707
7207
1208
2708
8708
5708
7208
4208
7209
5709
8709
4209
2709
1209
7210
5710
8710
2710
1210
4210
1211
2711
8711
7211
4211
5711
1212
2712
8712
5712
4212
7212
4213
5713
1213
7213
8713
2713
2714
4214
5714
7214
1214
8714
7215
5715
2715
8715
4215
1215
5716
8716
7216
2716
4216
1216
5717
7217
1217
4217
8717
2717
7218
8718
4218
5718
2718
1218
4219
7219
2719
8719
5719
1219
1220
8720
7220
2720
4220
5720
2721
5721
1221
8721
7221
4221
1222
2722
8722
7222
5722
4222
1223
7223
2723
4223
5723
8723
1224
7224
5724
2724
8724
4224
1225
4225
5725
8725
2725
7225
1226
2726
5726
7226
8726
4226
5727
1227
2727
7227
8727
4227
8728
5728
1228
7228
4228
2728
2729
8729
5729
7229
4229
1229
8730
5730
1230
7230
2730
4230
5731
2731
7231
8731
1231
4231
8732
5732
4232
7232
2732
1232
5733
4233
2733
8733
1233
7233
8734
4234
5734
1234
7234
2734
7235
8735
2735
5735
4235
1235
1236
2736
5736
8736
7236
4236
5737
4237
2737
7237
8737
1237
7238
1238
5738
8738
2738
4238
8739
2739
7239
1239
4239
5739
8740
1240
4240
2740
7240
5740
1241
2741
8741
7241
5741
4241
7242
5742
1242
2742
8742
4242
8743
2743
7243
4243
5743
1243
2744
5744
4244
8744
7244
1244
7245
4245
5745
1245
2745
8745
5746
2746
1246
8746
4246
7246
4247
7247
8747
5747
1247
2747
2748
7248
1248
4248
5748
8748
5749
4249
1249
7249
8749
2749
2750
4250
7250
1250
8750
5750
2751
8751
5751
7251
1251
4251
5752
1252
8752
7252
2752
4252
7253
4253
2753
8753
1253
5753
1254
8754
4254
5754
2754
7254
7255
1255
2755
8755
5755
4255
8756
7256
4256
1256
2756
5756
7257
2757
4257
5757
1257
8757
2758
4258
5758
7258
8758
1258
8759
2759
4259
7259
5759
1259
1260
5760
8760
2760
4260
7260
5761
4261
7261
2761
1261
8761
2762
1262
5762
4262
7262
8762
2763
1263
4263
7263
8763
5763
4264
5764
7264
8764
1264
2764
4265
5765
7265
1265
8765
2765
5766
1266
4266
7266
8766
2766
5767
8767
4267
2767
1267
7267
1268
7268
8768
2768
4268
5768
5769
4269
7269
8769
1269
2769
8770
4270
7270
5770
2770
1270
5771
8771
1271
7271
4271
2771
2772
4272
7272
5772
8772
1272
8773
4273
5773
1273
2773
7273
8774
5774
7274
4274
1274
2774
7275
1275
8775
5775
4275
2775
8776
5776
2776
7276
1276
4276
2777
1277
4277
7277
5777
8777
2778
5778
7278
8778
4278
1278
4279
1279
8779
2779
7279
5779
2780
5780
4280
8780
7280
1280
2781
7281
5781
1281
4281
8781
8782
7282
4282
2782
5782
1282
4283
7283
1283
8783
2783
5783
8784
5784
2784
1284
7284
4284
7285
2785
1285
5785
4285
8785
5786
7286
1286
8786
4286
2786
5787
4287
8787
7287
2787
1287
5788
2788
1288
8788
7288
4288
7289
5789
2789
8789
1289
4289
8790
5790
2790
1290
7290
4290
2791
5791
4291
1291
8791
7291
7292
8792
4292
1292
2792
5792
7293
1293
4293
2793
5793
8793
5794
7294
1294
8794
4294
2794
1295
5795
7295
2795
8795
4295
1296
4296
5796
7296
2796
8796
1297
7297
5797
4297
2797
8797
8798
7298
4298
1298
2798
5798
1299
5799
2799
8799
7299
4299
8800
2800
5800
1300
7300
4300
1301
2801
5801
8801
4301
7301
5802
2802
4302
8802
7302
1302
5803
2803
7303
1303
8803
4303
2804
5804
4304
7304
1304
8804
8805
2805
1305
4305
5805
7305
8806
7306
4306
1306
5806
2806
7307
8807
1307
5807
2807
4307
5808
2808
1308
4308
7308
8808
7309
1309
4309
5809
8809
2809
8810
2810
7310
4310
1310
5810
5811
4311
7311
8811
1311
2811
8812
1312
4312
2812
7312
5812
2813
5813
7313
1313
8813
4313
4314
2814
8814
5814
1314
7314
8815
2815
5815
4315
1315
7315
5816
8816
1316
2816
7316
4316
1317
2817
5817
4317
7317
8817
4318
7318
2818
8818
1318
5818
4319
7319
1319
5819
2819
8819
5820
2820
8820
4320
7320
1320
7321
4321
2821
1321
8821
5821
8822
2822
5822
4322
7322
1322
4323
7323
1323
8823
5823
2823
5824
4324
1324
2824
7324
8824
1325
2825
7325
8825
5825
4325
7326
5826
1326
4326
8826
2826
2827
4327
8827
7327
1327
5827
4328
2828
7328
1328
8828
5828
8829
2829
4329
5829
7329
1329
8830
1330
5830
2830
4330
7330
2831
1331
4331
7331
8831
5831
8832
4332
7332
5832
1332
2832
2833
1333
7333
4333
5833
8833
2834
7334
8834
4334
1334
5834
5835
1335
7335
2835
4335
8835
4336
1336
7336
5836
8836
2836
4337
7337
5837
1337
2837
8837
8838
4338
1338
5838
2838
7338
2839
7339
1339
5839
4339
8839
4340
1340
5840
8840
7340
2840
5841
8841
1341
4341
7341
2841
2842
5842
1342
4342
7342
8842
8843
4343
2843
7343
1343
5843
5844
1344
8844
4344
2844
7344
4345
5845
8845
7345
1345
2845
7346
1346
8846
5846
4346
2846
4347
1347
2847
5847
7347
8847
7348
2848
8848
5848
4348
1348
1349
5849
7349
8849
2849
4349
8850
2850
7350
1350
5850
4350
2851
7351
4351
5851
1351
8851
4352
5852
2852
1352
7352
8852
7353
2853
1353
8853
4353
5853
8854
4354
2854
1354
7354
5854
1355
2855
7355
5855
4355
8855
2856
7356
1356
8856
5856
4356
7357
1357
8857
4357
5857
2857
2858
5858
1358
8858
4358
7358
2859
7359
1359
8859
4359
5859
1360
8860
2860
7360
5860
4360
1361
4361
8861
7361
5861
2861
5862
2862
1362
8862
7362
4362
8863
5863
7363
2863
4363
1363
4364
7364
5864
2864
8864
1364
4365
5865
2865
8865
1365
7365
7366
8866
2866
4366
5866
1366
7367
8867
5867
4367
1367
2867
2868
8868
5868
4368
7368
1368
1369
7369
2869
8869
4369
5869
5870
7370
8870
4370
2870
1370
8871
2871
5871
1371
4371
7371
1372
7372
2872
5872
8872
4372
4373
5873
1373
7373
8873
2873
7374
4374
1374
8874
5874
2874
2875
7375
4375
8875
5875
1375
4376
7376
8876
2876
5876
1376
2877
7377
8877
5877
4377
1377
5878
1378
4378
2878
8878
7378
7379
4379
8879
2879
1379
5879
1380
7380
4380
5880
8880
2880
1381
7381
5881
2881
8881
4381
1382
2882
4382
5882
7382
8882
2883
8883
7383
4383
5883
1383
8884
2884
5884
4384
1384
7384
7385
4385
1385
8885
2885
5885
5886
1386
4386
7386
2886
8886
2887
8887
4387
7387
5887
1387
1388
5888
7388
8888
4388
2888
8889
7389
4389
2889
1389
5889
1390
2890
4390
5890
7390
8890
5891
8891
4391
1391
2891
7391
4392
1392
8892
5892
7392
2892
8893
5893
4393
2893
1393
7393
7394
5894
1394
8894
4394
2894
4395
8895
5895
2895
7395
1395
5896
7396
4396
1396
8896
2896
7397
8897
1397
5897
4397
2897
8898
1398
4398
2898
5898
7398
8899
5899
1399
7399
2899
4399
5900
1400
2900
7400
8900
4400
4401
7401
8901
2901
5901
1401
8902
4402
2902
1402
5902
7402
1403
5903
7403
2903
4403
8903
7404
5904
8904
2904
4404
1404
5905
2905
1405
4405
8905
7405
5906
1406
7406
2906
4406
8906
5907
2907
8907
4407
7407
1407
2908
4408
7408
5908
8908
1408
4409
8909
1409
7409
2909
5909
2910
1410
7410
4410
5910
8910
5911
7411
2911
8911
1411
4411
1412
7412
8912
5912
2912
4412
2913
5913
7413
1413
8913
4413
2914
5914
4414
8914
1414
7414
8915
2915
5915
7415
4415
1415
1416
5916
8916
7416
4416
2916
1417
8917
7417
4417
5917
2917
8918
4418
1418
5918
2918
7418
8919
2919
1419
4419
5919
7419
8920
2920
7420
5920
1420
4420
1421
7421
8921
2921
5921
4421
1422
2922
4422
8922
5922
7422
8923
1423
4423
7423
5923
2923
2924
8924
7424
5924
1424
4424
2925
5925
4425
7425
1425
8925
5926
7426
4426
8926
2926
1426
4427
8927
5927
2927
1427
7427
2928
1428
8928
7428
5928
4428
7429
1429
4429
2929
5929
8929
4430
7430
1430
2930
8930
5930
2931
7431
8931
5931
1431
4431
5932
1432
8932
4432
2932
7432
8933
4433
5933
1433
7433
2933
1434
7434
5934
2934
4434
8934
4435
2935
1435
5935
7435
8935
2936
1436
4436
5936
7436
8936
7437
5937
8937
4437
1437
2937
5938
7438
1438
4438
2938
8938
1439
2939
8939
4439
5939
7439
4440
7440
1440
2940
5940
8940
2941
1441
7441
4441
5941
8941
1442
7442
5942
2942
4442
8942
4443
7443
8943
1443
2943
5943
5944
1444
7444
4444
2944
8944
8945
1445
7445
2945
4445
5945
2946
7446
8946
5946
4446
1446
8947
5947
7447
1447
2947
4447
5948
7448
8948
2948
1448
4448
1449
2949
7449
5949
4449
8949
7450
5950
8950
4450
1450
2950
7451
8951
5951
1451
4451
2951
4452
1452
5952
2952
8952
7452
8953
1453
2953
5953
7453
4453
5954
7454
8954
1454
2954
4454
4455
5955
8955
2955
1455
7455
5956
4456
1456
8956
2956
7456
4457
5957
8957
1457
7457
2957
4458
8958
7458
2958
1458
5958
5959
8959
4459
1459
7459
2959
2960
7460
8960
4460
5960
1460
5961
1461
7461
4461
8961
2961
4462
8962
7462
5962
2962
1462
5963
2963
7463
4463
1463
8963
2964
5964
8964
4464
7464
1464
5965
4465
1465
2965
8965
7465
7466
4466
8966
1466
2966
5966
4467
7467
2967
5967
1467
8967
5968
4468
2968
8968
7468
1468
5969
2969
8969
7469
4469
1469
4470
8970
1470
2970
5970
7470
5971
4471
8971
7471
2971
1471
2972
5972
7472
1472
8972
4472
1473
2973
4473
5973
7473
8973
1474
8974
2974
5974
7474
4474
8975
4475
5975
1475
7475
2975
1476
7476
2976
8976
4476
5976
8977
5977
1477
2977
7477
4477
7478
8978
2978
4478
1478
5978
4479
2979
7479
8979
1479
5979
1480
5980
8980
4480
2980
7480
7481
5981
2981
4481
1481
8981
1482
2982
4482
7482
8982
5982
1483
4483
2983
5983
7483
8983
5984
4484
8984
1484
7484
2984
7485
1485
4485
5985
8985
2985
7486
2986
8986
1486
4486
5986
7487
5987
8987
1487
2987
4487
4488
8988
7488
1488
2988
5988
7489
5989
2989
1489
8989
4489
8990
4490
2990
1490
5990
7490
4491
1491
5991
2991
8991
7491
5992
7492
8992
1492
2992
4492
4493
5993
2993
1493
8993
7493
8994
7494
4494
5994
2994
1494
8995
5995
1495
4495
2995
7495
5996
7496
8996
2996
4496
1496
7497
5997
2997
8997
4497
1497
1498
4498
2998
5998
8998
7498
1499
5999
8999
4499
7499
2999
